0.765129
0.777411
0.78214
0.772234
0.774
0.778729
0.775323
0.777988
0.776156
0.765167
0.788682
0.778918
0.782568
0.770566
0.781718
0.775578
0.782462
0.773323
0.775026
0.779823
0.776161
0.775354
0.772171
0.786422
0.783557
0.782102
0.781912
0.769012
0.779108
0.784476
0.772109
0.77421
0.777807
0.77982
0.777614
0.778596
0.780174
0.778921
0.769404
0.797579
0.779991
0.784888
0.775924
0.775912
0.777107
0.775584
0.786573
0.776743
0.780868
0.785652
0.789417
0.780933
0.789968
0.774515
0.777595
0.781197
0.778644
0.778656
0.765441
0.780828
0.785249
0.773596
0.781384
0.779726
0.77773
0.785144
0.772138
0.790103
0.780902
0.771025
0.782548
0.78033
0.782227
0.786758
0.781838
0.785662
0.77399
0.783244
0.779117
0.782876
0.780604
0.781159
0.775448
0.782798
0.77681
0.778963
0.777562
0.778551
0.763876
0.777459
0.775124
0.779543
0.77862
0.761747
0.781827
0.778189
0.777956
0.775451
0.776076
0.780314
