93
116
70
120
104
97
111
115
114
117
120
126
100
111
130
113
112
122
103
107
99
105
108
93
67
84
116
85
144
110
104
101
134
119
118
123
104
116
82
77
79
84
96
119
99
130
109
74
101
62
97
67
76
121
111
93
108
115
111
131
99
106
95
105
77
124
136
92
105
159
98
69
105
109
131
100
117
92
128
91
102
112
88
85
132
120
101
111
120
92
112
73
102
151
75
92
113
119
123
85
427
515
445
735
427
742
418
459
369
590
564
786
563
580
674
453
530
498
590
320
532
353
273
442
503
269
523
627
781
473
664
358
318
503
471
381
367
853
480
749
474
647
738
464
559
829
476
667
442
404
408
494
592
397
532
347
344
262
907
793
571
719
580
629
303
277
475
795
323
406
449
709
322
312
778
601
363
439
247
403
390
407
504
396
392
557
437
422
343
536
483
737
769
688
529
562
387
879
483
323
372
679
621
440
278
507
271
237
581
393
358
304
790
524
467
455
375
291
284
676
326
391
603
910
336
470
763
505
496
655
655
543
391
332
438
420
742
596
553
555
574
692
669
284
340
277
690
394
501
328
746
334
727
206
665
533
726
409
887
398
437
807
389
559
453
292
526
361
495
681
401
571
474
349
455
627
755
447
347
345
468
497
425
652
521
485
850
553
488
517
230
477
557
305
