1.00655
0.996735
0.998765
1.0055
0.989895
0.996865
1.00631
1.00034
1.00057
0.99787
1.01157
0.998636
1.00146
1.00164
1.00609
1.01348
0.998011
0.997523
0.996323
1.00168
1.01238
0.99872
1.00092
1.00739
1.00383
1.01194
0.988676
1.01064
0.995683
1.00408
0.993264
0.998934
1.00192
0.995913
1.00313
1.00926
1.00107
1.00854
1.00349
1.00854
0.994579
0.992295
1.0086
1.00028
1.00094
0.991997
1.00691
0.987275
1.01618
1.00387
1.00411
1.00646
0.988931
0.992524
1.00042
1.00302
0.990651
1.00765
1.00163
1.00442
0.998437
0.993967
0.993777
1.00372
0.994433
1.00279
1.00741
1.00219
1.0043
1.00161
1.0149
1.0191
1.00481
0.989003
1.01933
0.997825
1.00728
0.998099
0.9901
0.993879
0.999521
0.994013
1.00235
0.999463
1.00711
1.01074
0.999203
0.999084
1.00557
0.990262
0.997449
1.0003
1.0102
0.992099
1.00559
1.01299
0.999634
0.99319
0.986588
0.993805
